42.652579;-73.756232;Albany;97660
42.938686;-74.188186;Amsterdam;18507
42.931733;-76.566053;Auburn;27590
42.998116;-78.187517;Batavia;15444
41.504816;-73.969583;Beacon;15565
42.098687;-75.917974;Binghamton;46996
42.886447;-78.878369;Buffalo;261025
42.887535;-77.281698;Canandaigua;10604
42.774245;-73.700119;Cohoes;16133
42.142852;-77.054690;Corning;11187
42.601181;-76.180484;Cortland;19212
42.479502;-79.333932;Dunkirk;12511
42.089796;-76.807734;Elmira;29204
43.322846;-76.417158;Fulton;11906
42.868955;-76.977744;Geneva;13324
40.862322;-73.633739;Glen Cove;27063
43.309516;-73.644006;Glens Falls;14728
43.052851;-74.343747;Gloversville;15621
42.327848;-77.661102;Hornell;8566
42.252865;-73.790959;Hudson;6657
42.443961;-76.501881;Ithaca;30054
42.097002;-79.235326;Jamestown;31020
43.006740;-74.367636;Johnstown;8718
41.927037;-73.997361;Kingston;23887
42.825614;-78.823366;Lackawanna;18121
43.043404;-74.859596;Little Falls;5188
43.170613;-78.690310;Lockport;21119
40.588437;-73.657908;Long Beach;33395
42.902855;-73.687340;Mechanicville;5227
41.445927;-74.422934;Middletown;28243
40.912599;-73.837079;Mount Vernon;67780
40.911488;-73.782355;New Rochelle;77606
40.714353;-74.005973;New York;8244910
41.503427;-74.010418;Newburgh;29026
43.096214;-79.037739;Niagara Falls;50086
43.038668;-78.864203;North Tonawanda;31501
42.531184;-75.523515;Norwich;7139
44.694229;-75.486336;Ogdensburg;11104
42.083639;-78.429927;Olean;14363
43.092568;-75.651293;Oneida;11387
42.452857;-75.063775;Oneonta;13843
43.455346;-76.510497;Oswego;18158
41.290094;-73.920416;Peekskill;23755
44.699487;-73.452912;Plattsburgh;19949
41.375094;-74.692663;Port Jervis;8878
41.700371;-73.920970;Poughkeepsie;32790
42.642579;-73.742898;Rensselaer;9391
43.161030;-77.610922;Rochester;210855
43.212847;-75.455730;Rome;33660
40.980654;-73.683740;Rye;15834
42.157841;-78.715031;Salamanca;5780
43.083130;-73.784565;Saratoga Springs;26727
42.814243;-73.939569;Schenectady;66273
43.073680;-75.598235;Sherrill;3147
43.048122;-76.147424;Syracuse;145151
42.981389;-78.855278;Tonawanda;15112
42.728412;-73.691785;Troy;50120
43.100903;-75.232664;Utica;62110
43.974784;-75.910756;Watertown;27423
42.730078;-73.701230;Watervliet;10230
41.033986;-73.762910;White Plains;57258
40.931210;-73.898747;Yonkers;197399
43.809232;-76.024089;Adams;5143
42.102851;-77.233588;Addison;2595
42.228136;-75.526572;Afton;2851
43.096448;-78.390856;Alabama;1869
43.246448;-78.193632;Albion;8468
43.246448;-78.193632;Albion;2073
42.900060;-78.491967;Alden;10865
42.901171;-78.256683;Alexander;2534
44.325856;-75.872513;Alexandria;4061
42.254237;-77.790551;Alfred;5237
42.090065;-78.494189;Allegany;8004
42.407614;-77.996704;Allen;448
42.012656;-78.057609;Alma;842
42.322292;-77.738327;Almond;1633
44.888372;-73.655698;Altona;2887
43.394139;-75.923098;Amboy;1263
41.849260;-73.556792;Amenia;4436
42.975613;-78.791422;Amherst;122366
41.268056;-74.455000;Amity;2308
42.938686;-74.188186;Amsterdam;5566
42.050647;-73.636236;Ancram;1573
42.188935;-74.785804;Andes;1301
42.156458;-77.795551;Andover;1830
42.306734;-78.015839;Angelica;1403
43.320996;-75.644084;Annsville;3012
44.199227;-75.606879;Antwerp;1846
42.533951;-78.423074;Arcade;4205
43.076408;-77.079470;Arcadia;14244
43.237852;-73.491502;Argyle;3782
43.246181;-74.517643;Arietta;304
42.407002;-79.236431;Arkwright;1061
42.320278;-78.608056;Ashford;2132
42.303696;-74.333479;Ashland;1695
42.303696;-74.333479;Ashland;784
42.260365;-73.809571;Athens;4089
42.864227;-78.280295;Attica;7702
44.518542;-73.513550;Au Sable;3146
42.974792;-75.501287;Augusta;2020
42.918849;-76.710563;Aurelius;2792
42.753959;-76.702449;Aurora;13782
42.311754;-73.473168;Austerlitz;1654
43.418959;-75.479344;Ava;676
42.409515;-77.421373;Avoca;2264
42.912007;-77.745558;Avon;7164
40.695655;-73.325675;Babylon;213603
42.293413;-75.479348;Bainbridge;3308
40.668634;-73.611913;Baldwin;832
42.953333;-73.874722;Ballston;9776
44.812273;-74.397396;Bangor;2224
43.330057;-78.554751;Barker;2732
43.163288;-78.224829;Barre;2025
42.547015;-77.056080;Barrington;1681
42.042852;-76.448551;Barton;8858
42.998116;-78.187517;Batavia;6809
42.337016;-77.317758;Bath;12379
41.204262;-73.643740;Bedford;17335
41.610927;-73.712908;Beekman;14621
44.770874;-73.492080;Beekmantown;5545
42.342269;-78.112413;Belfast;1663
44.747925;-74.095660;Bellmont;1434
42.837004;-78.397520;Bennington;3359
43.252015;-74.278469;Benson;192
42.717569;-77.043579;Benton;2836
43.085339;-77.942234;Bergen;3120
42.304240;-76.186596;Berkshire;1412
42.693135;-73.372055;Berlin;1880
42.625355;-74.133465;Berne;2794
42.923811;-78.133638;Bethany;1765
41.683728;-74.870185;Bethel;4255
42.577854;-73.818380;Bethlehem;33656
42.137297;-76.936907;Big Flats;7731
42.098687;-75.917974;Binghamton;4942
42.391456;-77.920279;Birdsall;221
44.458380;-73.742363;Black Brook;1497
43.119794;-74.367637;Bleecker;533
42.479435;-74.476009;Blenheim;377
41.409260;-74.195147;Blooming Grove;18028
42.066733;-78.167788;Bolivar;2189
43.559167;-73.668056;Bolton;2326
44.938935;-74.567688;Bombay;1357
43.483680;-75.336561;Boonville;4555
42.628949;-78.737529;Boston;8023
42.269529;-74.726823;Bovina;633
43.664160;-75.969546;Boylston;549
42.371358;-77.109375;Bradford;855
44.739092;-74.437513;Brandon;577
42.588393;-79.017815;Brant;2065
44.891392;-74.714851;Brasher;2512
42.879238;-75.250997;Bridgewater;1522
43.118590;-77.584391;Brighton;1435
43.118590;-77.584391;Brighton;36609
42.845342;-77.424156;Bristol;2315
43.058685;-74.196521;Broadalbin;5260
42.812849;-75.317668;Brookfield;2545
40.779265;-72.915383;Brookhaven;486040
42.179187;-75.853395;Broome;973
44.007003;-75.984092;Brownville;6263
42.735912;-73.561504;Brunswick;11941
43.049809;-76.525701;Brutus;4464
44.904768;-74.169340;Burke;1465
42.722851;-75.125439;Burlington;1140
42.429791;-77.724994;Burns;1180
42.038113;-79.283383;Busti;7351
43.191555;-76.756737;Butler;2064
42.477362;-75.317895;Butternuts;1786
43.079627;-78.064417;Byron;2369
42.298975;-73.998466;Cairo;6670
42.973118;-77.852785;Caledonia;4255
41.767311;-75.056278;Callicoon;3057
43.184899;-78.815611;Cambria;5839
43.028133;-73.381223;Cambridge;2021
43.334514;-75.747964;Camden;4934
42.199164;-77.406347;Cameron;945
43.039233;-76.304096;Camillus;24167
42.232909;-77.196918;Campbell;3406
42.412029;-73.447055;Canaan;1710
42.737009;-77.541660;Canadice;1664
42.905629;-74.571807;Canajoharie;3730
42.887535;-77.281698;Canandaigua;10020
42.232852;-76.342436;Candor;5305
42.386454;-78.153621;Caneadea;2542
42.270349;-77.605823;Canisteo;3391
44.595616;-75.169094;Canton;10995
44.127830;-76.333001;Cape Vincent;2777
42.757019;-74.445691;Carlisle;1948
43.327836;-78.190854;Carlton;2994
41.430094;-73.680130;Carmel;34305
43.165447;-74.476009;Caroga;1205
42.378406;-76.295489;Caroline;3282
42.006389;-78.327778;Carroll;3524
42.108330;-78.651940;Carrollton;1297
42.628951;-78.054451;Castile;2906
42.312852;-76.784676;Catharine;1762
42.246705;-76.895155;Catlin;2618
43.168123;-76.572999;Cato;2537
42.056185;-77.027745;Caton;2179
42.217310;-73.864573;Catskill;11775
42.281741;-76.696894;Cayuta;556
42.930067;-75.852691;Cazenovia;7086
42.479785;-78.249735;Centerville;822
43.962289;-75.690195;Champion;4494
44.986427;-73.446525;Champlain;5754
42.845908;-74.341244;Charleston;1373
43.234975;-77.622109;Charlotte;1729
42.933409;-73.969014;Charlton;4133
44.926434;-74.079608;Chateaugay;2155
42.364252;-73.594839;Chatham;4128
42.209774;-79.466844;Chautauqua;4464
44.889533;-73.436033;Chazy;4284
42.902614;-78.744572;Cheektowaga;88226
42.008407;-76.623837;Chemung;2563
42.497231;-75.620809;Chenango;11252
42.294504;-79.099763;Cherry Creek;1118
42.795629;-74.753202;Cherry Valley;1223
41.362594;-74.271261;Chester;11981
41.362594;-74.271261;Chester;3355
44.447326;-73.463016;Chesterfield;2445
43.076584;-77.768095;Chili;28625
43.175624;-76.119368;Cicero;31632
42.542292;-75.895753;Cincinnatus;1056
44.401451;-75.062422;Clare;105
42.976726;-78.591971;Clarence;30673
43.193393;-78.064739;Clarendon;3648
43.233165;-77.927621;Clarkson;6736
41.125971;-73.959494;Clarkstown;84187
42.575912;-73.964017;Clarksville;1161
42.223403;-73.735159;Claverack;6021
43.185901;-76.172425;Clay;58206
44.239491;-76.085776;Clayton;5153
42.085090;-73.827075;Clermont;1965
42.844668;-73.818380;Clifton Park;36705
43.052284;-77.814729;Clifton;751
43.048403;-75.378503;Clinton;4312
43.048403;-75.378503;Clinton;737
42.020850;-79.629962;Clymer;1698
42.677853;-74.485417;Cobleskill;6625
41.705922;-75.060446;Cochecton;1372
42.473971;-73.792346;Coeymans;7418
42.502291;-77.507210;Cohocton;2561
42.160364;-75.077389;Colchester;2077
42.644227;-78.684749;Colden;3265
42.102126;-78.917509;Coldspring;663
42.172098;-75.644084;Colesville;5232
42.495733;-78.862074;Collins;6601
42.717856;-73.833455;Colonie;81591
44.553021;-74.939506;Colton;1451
42.367876;-73.559413;Columbia;1580
42.683961;-75.372672;Columbus;975
42.535339;-78.730862;Concord;8494
42.718953;-77.676386;Conesus;2473
42.387303;-74.376256;Conesville;734
42.238672;-79.031152;Conewango;1857
42.034244;-75.803801;Conklin;5441
43.121177;-76.648003;Conquest;1819
44.929212;-74.297131;Constable;1566
43.247847;-76.000197;Constantia;4973
42.103424;-73.550121;Copake;3615
43.244517;-73.832345;Corinth;6531
42.142852;-77.054690;Corning;6270
41.434338;-74.035368;Cornwall;12646
41.246259;-73.921884;Cortlandt;41592
42.577690;-76.108800;Cortlandville;8509
42.315910;-75.638520;Coventry;1655
42.575349;-76.683560;Covert;2154
42.853395;-78.010287;Covington;1232
42.350918;-73.802903;Coxsackie;8918
41.558820;-74.323554;Crawford;9316
43.895902;-75.392408;Croghan;3093
43.950335;-73.437067;Crown Point;2024
42.217567;-78.275293;Cuba;3243
42.737290;-75.948532;Cuyler;980
42.352296;-76.480774;Danby;3329
44.721430;-73.723753;Dannemora;4898
42.560900;-77.696106;Dansville;1842
42.982713;-74.803921;Danube;1039
42.902004;-78.350297;Darien;3158
42.471745;-74.844601;Davenport;2965
43.332665;-74.053513;Day;856
42.417005;-78.976981;Dayton;1886
44.498950;-75.342715;De Kalb;2434
44.552574;-75.435437;De Peyster;998
42.758401;-75.884362;DeRuyter;1589
43.035066;-76.065477;DeWitt;25838
42.644242;-74.725148;Decatur;353
43.119514;-75.218775;Deerfield;4273
41.459146;-74.663464;Deerpark;7901
42.245208;-74.874105;Delaware;2670
42.278140;-74.915995;Delhi;5117
43.899791;-75.582412;Denmark;2860
41.950926;-74.489043;Denning;551
42.060083;-75.427677;Deposit;1712
44.093179;-75.369623;Diana;1709
44.748389;-74.564621;Dickinson;5278
44.748389;-74.564621;Dickinson;823
42.324240;-76.895155;Dix;3864
41.696244;-73.582969;Dover;8699
42.683959;-76.955797;Dresden;652
42.490905;-76.297155;Dryden;14435
44.635171;-74.237396;Duane;174
42.762020;-74.133738;Duanesburg;6122
42.479502;-79.333932;Dunkirk;1318
42.399526;-74.172361;Durham;2725
42.548673;-78.298070;Eagle;1192
42.895064;-77.434713;East Bloomfield;3634
41.568137;-73.771320;East Fishkill;29029
42.590913;-73.701786;East Greenbush;16473
40.963434;-72.184801;East Hampton;21457
42.389785;-78.754753;East Otto;1062
43.108674;-77.487496;East Rochester;6587
40.958333;-73.808611;Eastchester;32363
42.993410;-73.552338;Easton;2336
42.849791;-75.611848;Eaton;5255
42.652282;-78.896979;Eden;7688
43.221739;-74.104019;Edinburg;1214
42.697830;-75.244043;Edmeston;1826
44.324506;-75.251040;Edwards;1156
43.077282;-78.186962;Elba;2370
43.034511;-76.447991;Elbridge;5922
44.216334;-73.590448;Elizabethtown;1163
44.893929;-73.836537;Ellenburg;1743
42.193004;-79.357820;Ellery;4528
42.119570;-79.242965;Ellicott;8714
42.275064;-78.672807;Ellicottville;1598
42.216679;-79.108025;Ellington;1643
43.732845;-76.136036;Ellisburg;3474
42.850833;-78.640278;Elma;11317
42.089796;-76.807734;Elmira;6934
42.435906;-76.631336;Enfield;3512
43.000906;-74.542362;Ephratah;1682
42.185908;-76.669949;Erin;1962
42.156626;-77.125506;Erwin;8037
41.827871;-73.965138;Esopus;9041
42.761186;-74.256518;Esperance;2076
44.310051;-73.352628;Essex;671
42.663922;-78.996689;Evans;16356
42.791634;-75.084476;Exeter;987
42.835067;-75.986032;Fabius;1964
43.137292;-74.913210;Fairfield;1627
41.732036;-74.601271;Fallsburg;12870
42.387564;-78.376128;Farmersville;1090
42.986422;-77.325951;Farmington;11825
42.814235;-76.809122;Fayette;3929
42.969511;-75.786854;Fenner;1726
42.200927;-75.795284;Fenton;6674
44.247634;-75.137578;Fine;1512
41.535649;-73.899025;Fishkill;22107
42.861735;-76.574109;Fleming;2636
43.438403;-75.749353;Florence;1025
41.331761;-74.356820;Florida;2696
43.219792;-75.334337;Floyd;3819
41.573270;-74.725656;Forestburgh;819
43.442013;-75.207111;Forestport;1535
43.414237;-73.487612;Fort Ann;6190
44.988444;-74.496510;Fort Covington;1676
43.267018;-73.584560;Fort Edward;6371
44.278672;-75.386321;Fowler;2202
43.038959;-75.070436;Frankfort;7636
42.340637;-75.165169;Franklin;2411
42.340637;-75.165169;Franklin;1140
42.337009;-78.458076;Franklinville;2990
42.484785;-78.331126;Freedom;2405
42.527728;-76.015980;Freetown;757
42.394514;-77.627491;Fremont;1008
42.394514;-77.627491;Fremont;1381
42.067833;-79.703661;French Creek;906
42.206457;-78.137510;Friendship;2004
43.322846;-76.417158;Fulton;1442
43.285058;-78.215299;Gaines;3378
42.640895;-78.133899;Gainesville;2182
43.071574;-76.872096;Galen;4290
42.065097;-73.724249;Gallatin;1668
43.018686;-74.031516;Galway;3545
41.679816;-74.150423;Gardiner;5713
43.150129;-77.696582;Gates;28400
43.078744;-76.213147;Geddes;17118
42.561284;-78.076604;Genesee Falls;438
42.983784;-78.156443;Genesee;1693
42.795896;-77.816947;Geneseo;10483
42.868955;-76.977744;Geneva;3291
42.667849;-76.535774;Genoa;1935
42.768400;-75.736577;Georgetown;974
42.977799;-74.979324;German Flatts;13258
42.504517;-75.830154;German;370
42.134534;-73.891798;Germantown;1954
42.193391;-79.248658;Gerry;1905
42.329253;-73.615673;Ghent;5402
42.397303;-74.445980;Gilboa;1307
42.894241;-74.344578;Glen;2507
42.929242;-74.052072;Glenville;29480
42.798953;-77.131889;Gorham;4247
41.402038;-74.324319;Goshen;13687
44.336728;-75.462993;Gouverneur;7085
42.768967;-73.450946;Grafton;2130
43.267184;-76.433170;Granby;6821
43.021628;-78.965730;Grand Island;20374
42.485123;-77.996704;Granger;538
43.407849;-73.259553;Granville;6669
42.214509;-78.636417;Great Valley;1974
43.209784;-77.693060;Greece;96095
42.744245;-73.691507;Green Island;2620
41.033958;-73.865429;Greenburgh;88400
42.329241;-75.769915;Greene;5604
43.103685;-73.864012;Greenfield;7775
41.103433;-72.359250;Greenport;4165
42.415360;-74.022077;Greenville;3739
42.415360;-74.022077;Greenville;4616
41.026242;-73.628196;Greenwich;4942
42.135070;-77.648324;Greenwood;801
43.681458;-75.354623;Greig;1199
42.587849;-76.366879;Groton;5950
42.436456;-77.868055;Grove;548
42.664787;-77.769721;Groveland;3249
42.704357;-73.911643;Guilderland;35303
42.404447;-75.489552;Guilford;2922
43.317172;-73.848127;Hadley;2048
43.745339;-73.498452;Hague;699
42.210202;-74.476009;Halcott;258
42.827584;-73.717849;Halfmoon;21535
42.715893;-78.829477;Hamburg;56936
42.191197;-74.994608;Hamden;1323
42.827014;-75.544624;Hamilton;6690
43.302942;-77.921036;Hamlin;9045
44.448948;-75.694122;Hammond;1191
43.524791;-73.251776;Hampton;938
41.435094;-74.260150;Hamptonburgh;5561
41.953975;-75.280450;Hancock;3224
43.321179;-76.578834;Hannibal;4854
42.483209;-79.132274;Hanover;7127
42.036388;-74.616619;Hardenburgh;238
42.426184;-76.226598;Harford;943
42.044924;-79.447886;Harmony;2206
42.438412;-74.687375;Harpersfield;1577
44.396997;-74.158488;Harrietstown;5709
43.842291;-75.602689;Harrisburg;437
40.970017;-73.717634;Harrison;27472
43.363683;-73.393722;Hartford;2269
43.240057;-78.576140;Hartland;4117
42.247015;-77.693881;Hartsville;609
42.659711;-75.049126;Hartwick;2110
43.373958;-76.152425;Hastings;9450
41.197595;-73.964584;Haverstraw;36634
43.267257;-73.347290;Hebron;1853
42.500627;-76.872459;Hector;4940
40.706213;-73.618740;Hempstead;759757
43.846825;-76.181601;Henderson;1360
43.059245;-77.612804;Henrietta;42581
43.025626;-74.985989;Herkimer;10175
44.467283;-75.230486;Hermon;1108
41.720927;-73.960138;Highland;2530
41.349153;-73.974521;Highlands;12492
42.178978;-73.525951;Hillsdale;1927
42.167844;-78.387241;Hinsdale;2168
42.641172;-78.541689;Holland;3401
42.637014;-76.178817;Homer;6405
42.862578;-73.328166;Hoosick;6924
43.303681;-74.243191;Hope;403
42.895540;-77.171523;Hopewell;3747
44.690335;-74.703244;Hopkinton;1077
43.713219;-73.700709;Horicon;1389
42.244241;-77.044134;Hornby;1706
42.328485;-77.710869;Hornellsville;4151
42.167019;-76.820512;Horseheads;19485
43.950905;-76.056545;Hounsfield;3466
42.364237;-77.508876;Howard;1467
42.472842;-78.136398;Hume;2071
42.205621;-78.539191;Humphrey;687
42.213699;-74.218754;Hunter;2732
40.868154;-73.425676;Huntington;203264
41.924537;-74.061252;Hurley;6314
43.233399;-76.879962;Huron;2118
41.766760;-73.901525;Hyde Park;21571
42.088124;-77.781384;Independence;1167
43.782450;-74.265367;Indian Lake;1352
43.754510;-74.792949;Inlet;333
43.221456;-76.556331;Ira;2206
43.213395;-77.579723;Irondequoit;51692
42.247566;-78.399742;Ischua;859
40.729821;-73.210393;Islip;335543
42.611735;-77.291925;Italy;1141
42.443961;-76.501881;Ithaca;19930
43.085694;-73.394447;Jackson;1800
42.122571;-77.503041;Jasper;1424
42.643873;-78.406973;Java;2057
44.375047;-73.728195;Jay;2506
42.481330;-74.610259;Jefferson;1410
42.626429;-77.171523;Jerusalem;4469
42.270364;-74.302923;Jewett;953
43.618399;-73.961241;Johnsburg;2395
43.006740;-74.367636;Johnstown;7098
42.978705;-76.895155;Junius;1471
44.256158;-73.792085;Keene;1105
43.327162;-78.036025;Kendall;2724
43.327836;-78.135297;Kent;13507
42.022002;-79.198104;Kiantone;1350
42.395362;-73.697898;Kinderhook;8498
43.363683;-73.531503;Kingsbury;12671
41.927037;-73.997361;Kingston;889
43.077847;-75.383226;Kirkland;10315
42.039799;-75.797134;Kirkwood;5857
42.671188;-74.115685;Knox;2692
42.402727;-74.757115;Kortright;1675
42.912525;-76.106296;LaFayette;4952
41.448705;-74.285429;LaGrange;15730
43.426181;-73.712341;Lake George;3515
43.336537;-73.818380;Lake Luzerne;3347
43.470902;-74.412646;Lake Pleasant;781
42.900614;-78.670306;Lancaster;41604
42.484239;-76.479940;Lansing;11033
42.442017;-76.098816;Lapeer;767
42.530633;-75.089608;Laurens;2424
40.615660;-73.729576;Lawrence;1826
44.090452;-75.783659;Le Ray;21782
42.978394;-77.984178;Le Roy;7641
42.781457;-75.647684;Lebanon;1332
42.695349;-76.621611;Ledyard;1886
43.278403;-75.571568;Lee;6486
42.772007;-77.896671;Leicester;2200
43.058330;-75.704720;Lenox;9122
42.293116;-79.016428;Leon;1365
44.275027;-73.565574;Lewis;1382
44.275027;-73.565574;Lewis;854
41.238151;-73.522624;Lewisboro;12411
43.172555;-79.035878;Lewiston;16262
42.240365;-74.365425;Lexington;805
43.549301;-75.364537;Leyden;1785
41.801200;-74.746550;Liberty;9885
42.904786;-77.611387;Lima;4305
42.675624;-75.876862;Lincklaen;396
43.037006;-75.725519;Lincoln;2012
42.028317;-77.139753;Lindley;1967
44.727284;-75.321047;Lisbon;4102
42.351185;-76.003257;Lisle;2751
42.977724;-75.145745;Litchfield;1513
43.043404;-74.859596;Little Falls;1587
42.252563;-78.805590;Little Valley;1740
42.142034;-73.777905;Livingston;3646
42.821452;-77.668610;Livonia;7809
41.736204;-74.005418;Lloyd;10863
42.660626;-76.430770;Locke;1951
43.170613;-78.690310;Lockport;20529
42.613960;-76.822456;Lodi;1550
43.972690;-74.420433;Long Lake;711
43.766456;-75.959364;Lorraine;1037
44.897550;-75.015763;Louisville;3145
43.786736;-75.491850;Lowville;4982
41.478168;-74.803921;Lumberland;2468
44.036200;-76.247912;Lyme;2185
42.305066;-78.353628;Lyndon;707
43.064231;-76.990246;Lyons;5682
43.618680;-75.306287;Lyonsdale;1227
43.206457;-76.459104;Lysander;21759
43.069230;-77.298875;Macedon;9148
42.419220;-78.494622;Machias;2375
44.436988;-75.566332;Macomb;906
42.898958;-75.512122;Madison;3008
44.748304;-75.132590;Madrid;1735
42.192575;-76.061036;Maine;5377
44.848660;-74.294898;Malone;14545
42.971187;-73.792621;Malta;14765
41.589702;-74.476009;Mamakating;12085
40.948710;-73.732631;Mamaroneck;29156
42.969786;-77.230259;Manchester;9395
43.058720;-74.803921;Manheim;3334
43.002011;-75.976863;Manlius;32370
42.292491;-78.770289;Mansfield;808
42.441739;-76.032147;Marathon;1967
41.883426;-74.113198;Marbletown;5607
42.982844;-76.340487;Marcellus;6210
43.170625;-75.291556;Marcy;8982
42.840060;-78.555024;Marilla;5327
43.143178;-77.189146;Marion;4746
41.629384;-73.994756;Marlborough;8808
42.963125;-75.327667;Marshall;2131
43.737569;-75.469627;Martinsburg;1433
42.536466;-74.886545;Maryland;1897
42.242027;-75.377400;Masonville;1320
44.928105;-74.891865;Massena;12883
43.104517;-74.264856;Mayfield;6495
42.498403;-75.767971;McDonough;886
42.997841;-77.504440;Mendon;9152
43.033559;-76.629719;Mentz;2378
42.358415;-74.934327;Meredith;1529
43.459514;-76.228818;Mexico;5197
42.598687;-74.332916;Middleburgh;3746
42.808445;-78.133638;Middlebury;1441
42.687297;-74.839874;Middlefield;2114
42.705361;-77.275964;Middlesex;1495
41.445927;-74.422934;Middletown;3750
41.953426;-73.792075;Milan;2370
42.590632;-74.945157;Milford;3044
42.610672;-77.033418;Milo;7006
41.659816;-73.957083;Milton;18575
42.130056;-79.688104;Mina;1106
42.931944;-74.710296;Minden;4297
43.791453;-73.984302;Minerva;809
43.398124;-76.477440;Minetto;1659
41.333870;-74.534610;Minisink;4490
43.011459;-75.004045;Mohawk;3844
44.818108;-74.555736;Moira;2934
41.330649;-74.186813;Monroe;39912
43.704216;-75.690624;Montague;78
43.010065;-76.703283;Montezuma;1277
41.527594;-74.236816;Montgomery;22606
42.343901;-76.814430;Montour;2308
44.963371;-73.587364;Mooers;3592
42.712570;-76.421602;Moravia;3626
43.240630;-73.677166;Moreau;14728
43.408663;-74.733707;Morehouse;86
44.046166;-73.505126;Moriah;4798
42.548687;-75.245168;Morris;1878
44.586449;-75.648291;Morristown;1974
41.444538;-74.521826;Mount Hope;7018
41.204262;-73.727076;Mount Kisco;10877
42.725618;-77.874169;Mount Morris;4465
41.096207;-73.793467;Mount Pleasant;43724
43.273948;-78.045850;Murray;4988
42.274796;-76.054092;Nanticoke;1672
42.615345;-77.402485;Naples;2502
42.615345;-77.402485;Napoli;1248
42.515915;-73.610116;Nassau;4789
42.917289;-75.776854;Nelson;1980
41.844853;-74.625020;Neversink;3557
42.289506;-78.889480;New Albion;1972
42.446194;-73.788660;New Baltimore;3370
42.624240;-75.331560;New Berlin;2682
43.837847;-75.440185;New Bremen;2706
41.188961;-73.783086;New Castle;17569
43.073403;-75.287666;New Hartford;22166
43.479791;-76.315210;New Haven;2856
42.319764;-78.270395;New Hudson;781
42.463972;-73.396498;New Lebanon;2305
42.587854;-75.184054;New Lisbon;1114
41.747593;-74.086810;New Paltz;14003
42.628690;-73.913459;New Scotland;8648
41.476760;-74.023752;New Windsor;25244
42.223685;-76.183263;Newark Valley;3946
41.503427;-74.010418;Newburgh;29801
43.969507;-74.164595;Newcomb;436
43.286723;-78.710312;Newfane;9666
42.347122;-76.595056;Newfield;5179
43.185902;-75.014324;Newport;2302
43.021277;-78.520650;Newstead;8594
43.311950;-78.747621;Niagara;8378
42.021741;-76.366881;Nichols;2525
42.837568;-76.413546;Niles;1194
42.805614;-73.877190;Niskayuna;21781
44.800887;-74.991034;Norfolk;4668
41.111943;-73.711957;North Castle;11841
42.595338;-78.941146;North Collins;3523
42.558375;-77.687970;North Dansville;5538
41.921742;-73.535854;North East;3031
44.243380;-73.954315;North Elba;8957
42.671855;-73.677166;North Greenbush;12075
42.123214;-79.447886;North Harmony;2267
40.809941;-73.677166;North Hempstead;226322
43.952557;-73.728464;North Hudson;240
42.617016;-75.526848;North Norwich;1783
41.334817;-73.571237;North Salem;5104
40.888710;-72.689542;Northampton;2670
43.127297;-73.588171;Northumberland;5087
43.208402;-74.952101;Norway;762
42.531184;-75.523515;Norwich;3998
42.579509;-77.942503;Nunda;3064
43.065893;-78.269742;Oakfield;3250
43.157996;-77.813855;Ogden;19856
43.322291;-74.978491;Ohio;1002
42.083639;-78.429927;Olean;1963
41.945687;-74.241409;Olive;4419
42.452857;-75.063775;Oneonta;5229
42.960215;-76.238903;Onondaga;23101
43.220943;-77.283379;Ontario;10136
43.072293;-74.692646;Oppenheim;1924
41.391165;-74.311821;Orange;1609
41.055546;-73.947738;Orangetown;49212
42.745629;-78.270395;Orangeville;1355
42.767559;-78.743919;Orchard Park;29054
43.252593;-78.230801;Orleans;2789
43.574792;-75.996309;Orwell;1167
43.500070;-75.722130;Osceola;229
42.521178;-77.779441;Ossian;789
41.162873;-73.861525;Ossining;37674
44.182840;-75.070196;Oswegatchie;4397
43.455346;-76.510497;Oswego;7984
42.397302;-75.173502;Otego;3115
42.860067;-76.217983;Otisco;2541
42.577978;-75.061115;Otsego;3900
42.722568;-75.719910;Otselic;1054
42.356173;-78.831700;Otto;808
42.676459;-76.823011;Ovid;2311
42.855068;-76.465215;Owasco;3793
42.103408;-76.262155;Owego;19883
42.442018;-75.597685;Oxford;3901
40.865654;-73.532068;Oyster Bay;293214
42.950735;-74.569762;Palatine;3240
43.365069;-76.282430;Palermo;3664
43.063952;-77.233315;Palmyra;7975
44.070702;-75.923098;Pamelia;3160
43.000625;-75.313778;Paris;4411
43.406181;-76.125758;Parish;2558
44.628683;-74.813833;Parishville;2153
43.234353;-77.813855;Parma;15633
41.513705;-73.606238;Patterson;12023
42.876112;-78.022883;Pavilion;2495
41.562038;-73.602627;Pawling;8463
40.899648;-73.803675;Pelham;12396
42.997559;-78.434744;Pembroke;4292
43.087002;-78.727810;Pendleton;6397
43.156071;-77.447249;Penfield;36242
43.079663;-77.447249;Perinton;46462
42.715618;-78.005562;Perry;4616
42.456450;-79.001981;Perrysburg;1626
42.385339;-78.936147;Persia;2404
43.017574;-74.194020;Perth;3646
44.578379;-73.526803;Peru;6998
42.775469;-73.347290;Petersburgh;1525
42.582847;-75.781026;Pharsalia;593
42.957564;-77.057471;Phelps;7072
44.154504;-75.708824;Philadelphia;1947
41.432483;-73.912467;Philipstown;9662
44.231988;-74.568598;Piercefield;310
44.542284;-75.011865;Pierrepont;2589
42.556452;-78.152787;Pike;1114
43.828658;-75.783659;Pinckney;329
41.979814;-73.655960;Pine Plains;2473
44.181174;-75.282147;Pitcairn;846
42.580903;-75.864918;Pitcher;803
42.638685;-75.281279;Pittsfield;1366
43.090619;-77.514997;Pittsford;29405
42.835078;-73.485114;Pittstown;5735
42.834183;-75.189558;Plainfield;915
41.616455;-74.076248;Plattekill;10499
44.699487;-73.452912;Plattsburgh;11870
41.744538;-73.821244;Pleasant Valley;9672
42.617015;-75.602407;Plymouth;1804
42.690357;-73.564560;Poestenkill;4530
43.225625;-75.061271;Poland;2356
42.387934;-79.357820;Pomfret;14965
42.898956;-76.016033;Pompey;7080
42.562518;-77.996704;Portage;884
43.249341;-78.985381;Porter;6771
42.379780;-79.467547;Portland;4827
42.038676;-78.340850;Portville;3730
44.669781;-74.981308;Potsdam;16041
42.704234;-77.206643;Potter;1865
41.700371;-73.920970;Poughkeepsie;43341
41.208707;-73.574848;Pound Ridge;5104
42.523645;-77.289064;Prattsburgh;2085
42.314722;-74.433056;Prattsville;700
42.735346;-76.148260;Preble;1393
42.533960;-75.623242;Preston;1044
42.778965;-74.064571;Princetown;2115
43.106053;-74.053513;Providence;1995
42.525070;-77.167196;Pulteney;1285
41.335927;-73.874025;Putnam Valley;11809
43.746729;-73.397061;Putnam;609
43.359444;-73.656944;Queensbury;27901
41.141206;-74.168479;Ramapo;126595
42.162005;-78.975317;Randolph;2602
42.133962;-77.321091;Rathbone;1126
42.406998;-76.941260;Reading;1707
40.677280;-74.009447;Red Hook;11319
42.112220;-78.802220;Red House;38
43.533126;-75.821579;Redfield;550
43.327014;-75.186832;Remsen;1929
42.516189;-74.137913;Rensselaerville;1843
41.931829;-73.907437;Rhinebeck;7548
42.857294;-75.054047;Richfield;2388
42.355629;-76.200764;Richford;1172
43.569284;-76.050205;Richland;5718
40.567355;-74.134273;Richmond;3361
42.634242;-74.564032;Richmondville;2610
43.267280;-78.389747;Ridgeway;6780
43.069506;-77.883898;Riga;5590
42.267002;-79.710602;Ripley;2415
40.917043;-72.662040;Riverhead;33506
43.161030;-77.610922;Rochester;7313
41.148946;-73.983003;Rockland;3775
43.851214;-75.940668;Rodman;1176
42.752546;-76.834038;Romulus;4316
42.823579;-74.476009;Root;1715
43.153676;-76.878572;Rose;2369
42.741741;-74.776536;Roseboom;711
41.844313;-74.081067;Rosendale;6075
44.378670;-75.654950;Rossie;877
42.787021;-73.970958;Rotterdam;29094
42.300417;-74.554722;Roxbury;2502
43.180089;-78.551889;Royalton;7660
42.995896;-77.645556;Rush;3478
42.392287;-78.253624;Rushford;1150
44.429506;-75.149926;Russell;1856
43.258680;-75.082105;Russia;2587
43.941028;-75.783659;Rutland;3060
40.980654;-73.683740;Rye;45928
42.157841;-78.715031;Salamanca;481
43.172298;-73.327610;Salem;2715
43.107107;-76.172577;Salina;33710
40.745656;-73.560127;Salisbury;1958
42.637302;-73.540670;Sand Lake;8530
43.644235;-76.086034;Sandy Creek;3939
42.102304;-75.483513;Sanford;2407
42.913959;-75.379059;Sangerfield;2561
44.633669;-74.457390;Santa Clara;345
44.651432;-73.743475;Saranac;4007
43.044848;-73.630073;Saratoga;5674
42.541173;-78.508077;Sardinia;2775
42.077591;-73.952913;Saugerties;19482
43.067219;-76.760174;Savannah;1730
41.005098;-73.784577;Scarsdale;17166
42.900077;-73.585394;Schaghticoke;7679
42.519120;-73.677166;Schodack;12794
42.665909;-74.309579;Schoharie;3205
43.282692;-76.247912;Schroeppel;8501
43.873249;-73.774839;Schroon;1654
44.628655;-73.557915;Schuyler Falls;5181
43.098681;-75.091271;Schuyler;3420
42.171457;-77.978615;Scio;1833
42.787464;-76.571941;Scipio;1713
42.729513;-76.243263;Scott;1176
43.465347;-76.430493;Scriba;6840
42.729513;-76.315210;Sempronius;895
42.910622;-76.796622;Seneca Falls;9040
42.765189;-76.872096;Seneca;2721
42.994788;-76.532718;Sennett;3595
42.720908;-74.608753;Seward;1763
42.120090;-74.395427;Shandaken;3085
42.761186;-74.532638;Sharon;1846
41.628444;-74.194453;Shawangunk;14332
43.182083;-78.406973;Shelby;5319
42.737283;-78.418630;Sheldon;2409
41.068155;-72.338694;Shelter Island;2392
42.678127;-75.498512;Sherburne;4048
42.488391;-79.237263;Sheridan;2673
42.159224;-79.595326;Sherman;1653
42.314802;-75.391567;Sidney;5774
42.947011;-76.429102;Skaneateles;7209
41.885556;-73.600000;Smithfield;1288
40.855931;-73.200669;Smithtown;117801
42.423306;-75.754865;Smithville;1330
42.687292;-75.570738;Smyrna;1280
43.237843;-77.061362;Sodus;8384
42.597014;-76.016869;Solon;1079
41.299631;-73.736018;Somers;20434
43.347557;-78.555863;Somerset;2662
42.729788;-77.399153;South Bristol;1590
42.050054;-78.985381;South Valley;264
40.884267;-72.389530;Southampton;56790
41.391706;-73.630073;Southeast;18404
41.064822;-72.426196;Southold;21968
42.054796;-76.819123;Southport;10940
42.804512;-76.264930;Spafford;1686
42.605411;-77.676518;Sparta;1624
42.209796;-76.493275;Spencer;3153
42.836184;-74.853484;Springfield;1358
42.847727;-76.675922;Springport;2367
42.637301;-77.596002;Springwater;2439
44.377780;-74.022359;St. Armand;1548
42.999722;-74.678333;St. Johnsville;2631
42.981668;-78.073510;Stafford;2459
42.407302;-74.614318;Stamford;2267
41.903741;-73.677166;Stanford;3823
44.450901;-74.785744;Stark;757
42.535349;-76.924406;Starkey;3573
42.548693;-73.373997;Stephentown;2903
43.325901;-76.644949;Sterling;3040
43.320069;-75.282946;Steuben;1100
42.938410;-73.653173;Stillwater;8287
42.991180;-75.599346;Stockbridge;2103
44.756393;-74.839765;Stockholm;3665
42.309530;-73.746234;Stockport;2815
42.317558;-79.355879;Stockton;2248
43.424235;-73.929847;Stony Creek;767
41.229539;-73.987085;Stony Point;15059
43.179792;-74.696815;Stratford;610
42.390361;-73.781513;Stuyvesant;2027
43.054512;-75.846857;Sullivan;15339
42.644464;-76.340573;Summerhill;1217
42.579520;-74.588202;Summit;1148
43.172691;-77.951021;Sweden;14175
42.142312;-73.677346;Taghkanic;1310
42.567014;-75.893253;Taylor;523
44.215333;-75.797165;Theresa;2905
41.654383;-74.663464;Thompson;15308
42.975899;-76.570775;Throop;1990
43.533400;-73.915959;Thurman;1219
42.222851;-77.264144;Thurston;1350
43.848671;-73.423453;Ticonderoga;5042
42.056185;-76.347992;Tioga;4871
42.457575;-76.548823;Tompkins;1247
42.981389;-78.855278;Tonawanda;73567
42.668795;-76.952784;Torrey;1282
43.228708;-75.224569;Trenton;4498
42.339796;-75.880197;Triangle;2946
42.043681;-77.546098;Troupsburg;1291
42.712013;-76.028535;Truxton;1133
42.798123;-76.109369;Tully;2738
44.223949;-74.464057;Tupper Lake;5971
43.627291;-75.411290;Turin;761
42.630620;-77.869724;Tuscarora;1473
41.555367;-75.019057;Tusten;1515
41.237667;-74.194453;Tuxedo;3624
42.991176;-76.802178;Tyre;981
42.408128;-77.058301;Tyrone;1597
41.858649;-74.311821;Ulster;12327
42.523693;-76.618166;Ulysses;4900
42.325359;-75.312397;Unadilla;4392
41.671155;-73.677166;Union Vale;4877
42.867778;-75.887222;Union;56346
42.454516;-77.181085;Urbana;2343
43.113678;-76.302152;Van Buren;13185
42.198685;-76.552444;Van Etten;1557
42.781708;-76.849033;Varick;1857
42.710675;-76.571941;Venice;1368
43.079513;-75.539344;Vernon;5408
43.138146;-75.570695;Verona;6293
42.085075;-76.053813;Vestal;28043
42.235976;-76.802893;Veteran;3313
42.982563;-77.408879;Victor;14275
43.197289;-76.654393;Victory;1660
43.239514;-75.702406;Vienna;5440
42.405500;-79.132274;Villenova;1110
42.510627;-76.194374;Virgil;2401
43.342846;-76.357712;Volney;5926
44.864500;-75.204102;Waddington;2266
42.734968;-78.543370;Wales;3005
41.605649;-74.184036;Wallkill;27426
42.169530;-75.129335;Walton;5576
43.139230;-77.272207;Walworth;9449
41.596487;-73.900709;Wappinger;27048
42.231601;-77.893890;Ward;368
42.847295;-74.920986;Warren;1143
43.496735;-73.776231;Warrensburg;4094
42.740061;-78.132788;Warsaw;5064
41.256483;-74.359876;Warwick;32065
43.251947;-73.370870;Washington;4741
42.792578;-73.681229;Waterford;8423
42.904788;-76.862737;Waterloo;7642
43.974784;-75.910756;Watertown;4470
43.775903;-75.436016;Watson;1881
42.010352;-76.527166;Waverly;1022
41.758888;-74.357334;Wawarsing;13157
41.394349;-74.476009;Wawayanda;7266
42.567845;-77.589714;Wayland;4102
42.470905;-77.105526;Wayne;1041
43.822196;-75.014382;Webb;1807
43.212285;-77.429994;Webster;42641
43.395902;-74.289583;Wells;674
42.122012;-77.948057;Wellsville;7397
42.299513;-77.883055;West Almond;334
42.905897;-77.539162;West Bloomfield;2466
43.280902;-76.066588;West Monroe;4252
42.850059;-78.799755;West Seneca;44711
42.627009;-77.773054;West Sparta;1255
43.583267;-75.481079;West Turin;1524
42.095069;-77.725548;West Union;312
42.515079;-74.045410;Westerlo;3361
43.344729;-75.387852;Western;1951
42.322280;-79.578103;Westfield;4896
42.650075;-74.797651;Westford;868
43.116266;-75.403736;Westmoreland;6138
44.183941;-73.435683;Westport;1312
42.627298;-74.880432;Westville;1819
42.663732;-78.224829;Wethersfield;883
43.092222;-78.895000;Wheatfield;18117
43.009854;-77.859596;Wheatland;4775
42.430349;-77.332481;Wheeler;1260
42.970078;-73.291221;White Creek;3356
43.555623;-73.403723;Whitehall;4042
43.138154;-75.329557;Whitestown;18667
42.469238;-75.911588;Willet;1043
43.223923;-77.186128;Williamson;6984
43.423959;-75.889915;Williamstown;1277
42.047711;-77.905318;Willing;1228
44.357993;-73.391194;Willsboro;2025
44.388614;-73.815436;Wilmington;1253
44.066726;-75.597530;Wilna;6427
43.309778;-78.826150;Wilson;5993
43.180073;-73.744286;Wilton;16173
42.307307;-74.252088;Windham;1703
42.075913;-75.640462;Windsor;6274
42.907416;-75.166212;Winfield;2086
42.135067;-78.151121;Wirt;1111
43.220622;-76.814958;Wolcott;4453
40.825654;-73.467622;Woodbury;11353
42.080350;-77.408594;Woodhull;1719
42.040925;-74.118197;Woodstock;5884
42.591717;-74.750500;Worcester;2220
43.784234;-75.877696;Worth;231
43.800278;-73.380556;Wright;1539
42.643085;-77.148516;Yates;2559
42.871070;-77.885621;York;3397
42.530062;-78.472798;Yorkshire;3913
41.262597;-73.818380;Yorktown;36081